

6, 14, 20, 26, 31, 36, 41, 45, 50, 55, 60, 65, 69, 74, 79, 84, 88, 93, 98, 102, 107, 112, 117, 121, 126, 131, 135, 140, 145, 150, 154, 159, 164, 169, 173, 178, 183, 187, 192, 197, 202, 206, 211, 216, 220, 225, 230, 235, 239, 244, 249, 253, 258, 263, 268, 272, 277, 282, 287, 291, 296, 301, 305, 310, 315, 320, 324, 329, 334, 338, 343, 348, 352, 357, 362, 367, 371, 376, 381, 386, 390, 395, 400, 404, 409, 414, 419, 423, 428, 433, 437, 442, 447, 451, 456,
6, 13, 19, 25, 30, 35, 40, 44, 49, 54, 59, 64, 68, 73, 78, 83, 87, 92, 97, 102, 106, 111, 116, 120, 125, 130, 135, 139, 144, 149, 153, 158, 163, 168, 172, 177, 182, 187, 191, 196, 201, 205, 210, 215, 219, 224, 229, 234, 238, 243, 248, 252, 257, 262, 267, 271, 276, 281, 285, 290, 295, 300, 304, 309, 314, 318, 323, 328, 333, 337, 342, 347, 351, 356, 361, 366, 370, 375, 380, 385, 389, 394, 399, 404, 408, 413, 418, 422, 427, 432, 436, 441, 446, 451, 455,
5, 13, 19, 25, 30, 35, 40, 45, 49, 54, 59, 64, 68, 73, 78, 83, 87, 92, 97, 102, 106, 111, 116, 120, 125, 130, 135, 139, 144, 149, 153, 158, 163, 168, 172, 177, 182, 186, 191, 196, 201, 205, 210, 215, 219, 224, 229, 234, 238, 243, 248, 252, 257, 262, 267, 271, 276, 281, 286, 290, 295, 300, 304, 309, 314, 319, 323, 328, 333, 337, 342, 347, 352, 356, 361, 366, 370, 375, 380, 385, 390, 394, 399, 404, 408, 413, 418, 423, 427, 432, 437, 441, 446, 451, 455, 
6, 13, 19, 25, 30, 35, 40, 45, 50, 54, 59, 64, 69, 73, 78, 83, 88, 92, 97, 102, 106, 111, 116, 121, 125, 130, 135, 139, 144, 149, 154, 158, 163, 168, 172, 177, 182, 187, 191, 196, 201, 205, 210, 215, 220, 224, 229, 234, 238, 243, 248, 253, 257, 262, 267, 271, 276, 281, 286, 290, 295, 300, 305, 309, 314, 319, 323, 328, 333, 338, 342, 347, 351, 356, 361, 366, 371, 375, 380, 385, 390, 394, 399, 403, 408, 413, 418, 422, 427, 432, 437, 441, 446, 451, 455,
5, 13, 19, 24, 30, 35, 39, 44, 49, 54, 59, 63, 68, 73, 78, 82, 87, 92, 97, 101, 106, 111, 116, 120, 125, 130, 134, 139, 144, 149, 153, 158, 163, 167, 172, 177, 182, 186, 191, 196, 200, 205, 210, 215, 219, 224, 229, 233, 238, 243, 248, 252, 257, 262, 266, 271, 276, 280, 285, 290, 294, 299, 304, 309, 313, 318, 323, 328, 333, 337, 342, 347, 351, 356, 361, 366, 370, 375, 380, 384, 389, 394, 399, 403, 408, 413, 417, 422, 427, 432, 436, 441, 446, 450, 455,
6, 13, 19, 25, 30, 35, 40, 45, 50, 54, 59, 64, 69, 73, 78, 83, 88, 92, 97, 102, 106, 111, 116, 121, 125, 130, 135, 139, 144, 149, 154, 158, 163, 168, 172, 177, 182, 187, 191, 196, 201, 205, 210, 215, 220, 224, 229, 234, 238, 243, 248, 253, 257, 262, 267, 272, 276, 281, 286, 290, 295, 300, 304, 309, 314, 319, 323, 328, 333, 338, 342, 347, 352, 356, 361, 366, 371, 375, 380, 385, 389, 394, 399, 404, 408, 413, 418, 422, 427, 432, 437, 441, 446, 451, 455,

9, 16, 23, 28, 33, 38, 43, 48, 53, 58, 62, 67, 72, 77, 81, 86, 91, 96, 100, 105, 110, 114, 119, 124, 129, 133, 138, 143, 147, 152, 157, 161, 166, 171, 176, 180, 185, 190, 194, 199, 204, 209, 213, 218, 223, 227, 232, 237, 242, 246, 251, 256, 260, 265, 270, 275, 279, 284, 289, 293, 298, 303, 308, 312, 317, 322, 326, 331, 336, 340, 345, 350, 355, 359, 364, 369, 374, 378, 383, 388, 393, 397, 402, 406, 411, 416, 421, 425, 430, 435, 440, 444, 449, 454, 458,

" !\"#$%&\'()*+,-./0123456789:;<=>?@ABCDEFGHIJKLMNOPQRSTUVWXYZ[\\]^_`abcdefghijklmnopqrstuvwxyz{|}~"