
//Stop
unsigned int  rawData[67] = {8950,4400, 600,1650, 550,600, 550,550, 600,550, 550,550, 600,550, 550,600, 550,550, 550,600, 550,1700, 550,1650, 600,1650, 600,1650, 550,1700, 550,1700, 550,1650, 600,550, 550,1700, 550,550, 600,550, 550,1700, 550,550, 600,1650, 600,550, 550,1700, 550,550, 600,1650, 550,1700, 550,550, 600,1650, 600,550, 550,1700, 550};  // NEC 807F4AB5
unsigned int  data = 0x807F4AB5;

//Pause
unsigned int  rawData[67] = {8900,4450, 550,1700, 550,550, 600,550, 550,600, 550,550, 550,600, 550,550, 600,550, 550,550, 600,1650, 600,1650, 550,1700, 550,1700, 550,1650, 600,1650, 600,1650, 550,600, 550,1700, 550,550, 550,1700, 550,1700, 550,550, 600,1650, 550,600, 550,1650, 600,550, 550,1700, 550,550, 600,550, 550,1700, 550,550, 600,1650, 600};  // NEC 807F5AA5
unsigned int  data = 0x807F5AA5;

//seek <
unsigned int  rawData[67] = {8950,4400, 600,1650, 600,550, 550,550, 600,550, 550,600, 550,550, 550,600, 550,550, 600,550, 550,1700, 550,1700, 550,1650, 600,1650, 600,1650, 550,1700, 550,1700, 550,1700, 550,550, 600,1650, 550,550, 550,1700, 600,550, 550,1700, 550,550, 600,550, 550,1700, 550,550, 600,1650, 550,600, 550,1700, 550,550, 600,1650, 550};  // NEC 807FAA55
